0 0
1 0
2 0
3 1
4 1
5 1
6 1
7 4
8 2
9 4
10 31
11 58
12 118
13 184
14 288
15 365
16 395
17 512
18 448
19 439
20 430
21 369
22 368
23 343
24 428
25 410
26 388
27 349
28 351
29 371
30 343
31 354
32 353
33 358
34 377
35 341
36 318
37 356
38 342
39 351
40 329
41 298
42 324
43 318
44 284
45 290
46 298
47 286
48 285
49 317
50 290
51 276
52 255
53 291
54 242
55 252
56 250
57 280
58 243
59 257
60 265
61 254
62 229
63 275
64 271
65 234
66 233
67 237
68 207
69 233
70 212
71 201
72 214
73 225
74 240
75 219
76 217
77 183
78 205
79 182
80 190
81 198
82 186
83 199
84 170
85 179
86 170
87 204
88 193
89 162
90 175
91 170
92 157
93 178
94 156
95 157
96 164
97 175
98 151
99 153
100 145
101 174
102 157
103 178
104 158
105 143
106 125
107 132
108 134
109 156
110 128
111 157
112 124
113 141
114 136
115 147
116 125
117 133
118 124
119 145
120 155
121 134
122 106
123 135
124 131
125 104
126 96
127 122
128 95
129 116
130 120
131 114
132 111
133 121
134 99
135 113
136 108
137 112
138 108
139 95
140 98
141 100
142 95
143 88
144 94
145 84
146 70
147 91
148 79
149 67
150 68
151 77
152 68
153 66
154 87
155 63
156 62
157 69
158 62
159 61
160 67
161 58
162 45
163 55
164 56
165 43
166 43
167 39
168 41
169 39
170 27
171 22
172 21
173 40
174 33
175 32
176 25
177 30
178 17
179 18
180 20
181 15
182 20
183 6
184 14
185 7
186 12
187 5
188 5
189 5
190 5
191 1
192 4
193 2
194 1
195 2
196 0
197 4
198 0
199 0
200 0
201 2
202 0
203 0
204 0
205 1
206 0
207 0
208 1
209 1
210 0
211 0
212 1
213 0
214 0
215 0
216 0
217 0
218 0
219 0
220 0
221 0
222 0
223 0
224 0
225 1
226 0
227 1
228 0
229 0
230 2
231 0
232 0
233 0
234 0
235 1
236 0
237 0
238 1
239 0
240 0
241 0
242 0
243 0
244 0
245 0
246 0
247 0
248 0
249 1
250 0
251 0
252 0
253 1
254 1
255 0
256 0
257 0
258 1
259 0
260 0
261 0
262 0
263 0
264 0
265 0
266 0
267 0
268 0
269 0
270 0
271 0
272 0
273 0
274 0
275 0
276 0
277 0
278 0
279 0
280 0
281 0
282 0
283 0
284 0
285 0
286 0
287 0
288 0
289 0
290 0
291 0
292 0
293 0
294 0
295 0
296 0
297 0
298 0
299 0
300 0
301 0
302 0
303 0
304 0
305 0
306 0
307 0
308 0
309 0
310 0
311 0
312 0
313 0
314 1
315 0
316 0
317 0
318 0
319 0
320 0
321 0
322 0
323 0
324 0
325 0
326 0
327 0
328 0
329 0
330 0
331 0
332 0
333 0
334 0
335 0
336 0
337 0
338 0
339 0
340 0
341 0
342 0
343 0
344 1
345 0
346 0
347 0
348 0
349 0
350 0
351 0
352 0
353 0
354 0
355 0
356 0
357 0
358 0
359 0
360 0
361 0
362 0
363 0
364 0
365 0
366 0
367 0
368 0
369 0
370 0
371 0
372 0
373 0
374 0
375 0
376 0
377 0
378 0
379 0
380 0
381 0
382 0
383 0
384 0
385 0
386 0
387 0
388 0
389 0
390 0
391 0
392 0
393 0
394 0
395 0
396 0
397 0
398 0
399 0
400 0
401 0
402 0
403 0
404 0
405 0
406 0
407 0
408 0
409 0
410 0
411 0
412 0
413 0
414 0
415 0
416 0
417 0
418 0
419 0
420 0
421 0
422 0
423 0
424 0
425 0
426 0
427 0
428 0
429 0
430 0
431 0
432 0
433 0
434 0
435 0
436 0
437 0
438 0
439 0
440 0
441 0
442 0
443 0
444 0
445 0
446 0
447 0
448 0
449 0
450 0
451 0
452 0
453 0
454 0
455 0
456 0
457 0
458 0
459 0
460 0
461 0
462 0
463 0
464 0
465 0
466 0
467 0
468 0
469 0
470 0
471 0
472 0
473 0
474 0
475 0
476 0
477 0
478 0
479 0
480 0
481 0
482 0
483 0
484 0
485 0
486 0
487 0
488 0
489 0
490 0
491 0
492 0
493 0
494 0
495 0
496 0
497 0
498 0
499 0
500 0
501 0
502 0
503 0
504 0
505 0
506 0
507 0
508 0
509 0
510 0
