0 0
1 0
2 0
3 0
4 0
5 0
6 0
7 0
8 1
9 5
10 13
11 44
12 104
13 194
14 321
15 407
16 507
17 700
18 655
19 611
20 576
21 437
22 352
23 224
24 162
25 101
26 105
27 82
28 86
29 77
30 78
31 83
32 79
33 75
34 77
35 75
36 68
37 72
38 60
39 82
40 61
41 78
42 63
43 62
44 54
45 57
46 71
47 80
48 65
49 69
50 67
51 65
52 56
53 49
54 67
55 64
56 53
57 49
58 49
59 47
60 43
61 47
62 47
63 51
64 57
65 38
66 41
67 39
68 31
69 36
70 43
71 53
72 37
73 32
74 41
75 35
76 36
77 30
78 31
79 22
80 29
81 28
82 27
83 25
84 18
85 33
86 27
87 27
88 28
89 27
90 22
91 28
92 16
93 25
94 16
95 27
96 26
97 27
98 27
99 11
100 23
101 25
102 17
103 17
104 15
105 21
106 20
107 22
108 22
109 14
110 24
111 14
112 15
113 23
114 20
115 15
116 22
117 11
118 17
119 12
120 14
121 14
122 19
123 14
124 19
125 15
126 17
127 17
128 11
129 17
130 13
131 11
132 21
133 21
134 15
135 12
136 17
137 17
138 14
139 11
140 8
141 15
142 18
143 9
144 10
145 11
146 16
147 14
148 13
149 17
150 13
151 7
152 12
153 14
154 8
155 12
156 9
157 5
158 8
159 19
160 14
161 6
162 9
163 13
164 9
165 6
166 5
167 9
168 11
169 15
170 8
171 7
172 8
173 1
174 10
175 4
176 7
177 8
178 6
179 7
180 8
181 6
182 5
183 2
184 12
185 6
186 7
187 7
188 9
189 7
190 8
191 7
192 11
193 7
194 10
195 2
196 6
197 8
198 4
199 8
200 4
201 2
202 3
203 6
204 7
205 2
206 7
207 5
208 3
209 8
210 1
211 3
212 5
213 2
214 2
215 6
216 4
217 4
218 2
219 2
220 4
221 2
222 4
223 2
224 6
225 3
226 5
227 6
228 0
229 1
230 4
231 3
232 2
233 2
234 2
235 3
236 4
237 2
238 2
239 3
240 0
241 3
242 2
243 0
244 1
245 1
246 2
247 0
248 2
249 2
250 0
251 1
252 0
253 1
254 3
255 0
256 1
257 2
258 0
259 0
260 0
261 3
262 0
263 1
264 0
265 1
266 0
267 0
268 0
269 2
270 0
271 0
272 2
273 1
274 0
275 2
276 0
277 0
278 2
279 0
280 3
281 0
282 1
283 2
284 3
285 0
286 1
287 0
288 0
289 0
290 3
291 0
292 1
293 1
294 0
295 2
296 0
297 1
298 0
299 1
300 2
301 0
302 1
303 0
304 0
305 1
306 0
307 0
308 0
309 0
310 0
311 1
312 1
313 0
314 1
315 1
316 0
317 0
318 0
319 0
320 0
321 0
322 0
323 0
324 0
325 0
326 0
327 0
328 0
329 0
330 0
331 0
332 0
333 0
334 0
335 0
336 0
337 0
338 0
339 0
340 0
341 0
342 0
343 1
344 0
345 0
346 0
347 0
348 0
349 2
350 0
351 0
352 0
353 0
354 0
355 0
356 0
357 0
358 0
359 0
360 0
361 0
362 0
363 0
364 0
365 0
366 0
367 0
368 0
369 0
370 0
371 0
372 0
373 0
374 0
375 0
376 0
377 0
378 0
379 0
380 0
381 0
382 0
383 0
384 0
385 0
386 0
387 0
388 0
389 0
390 0
391 0
392 0
393 0
394 0
395 0
396 0
397 0
398 0
399 0
400 0
401 0
402 0
403 0
404 0
405 0
406 0
407 0
408 0
409 0
410 0
411 0
412 0
413 0
414 0
415 0
416 0
417 0
418 0
419 0
420 0
421 0
422 0
423 0
424 0
425 0
426 0
427 0
428 0
429 0
430 0
431 0
432 0
433 0
434 0
435 0
436 0
437 0
438 0
439 0
440 0
441 0
442 0
443 0
444 0
445 0
446 0
447 0
448 0
449 0
450 0
451 0
452 0
453 0
454 0
455 0
456 0
457 0
458 0
459 0
460 0
461 0
462 0
463 0
464 0
465 0
466 0
467 0
468 0
469 0
470 0
471 0
472 0
473 0
474 0
475 0
476 0
477 0
478 0
479 0
480 0
481 0
482 0
483 0
484 0
485 0
486 0
487 0
488 0
489 0
490 0
491 0
492 0
493 0
494 0
495 0
496 0
497 0
498 0
499 0
500 0
501 0
502 0
503 0
504 0
505 0
506 0
507 0
508 0
509 0
510 0
