0 0
1 0
2 0
3 0
4 0
5 0
6 0
7 0
8 0
9 0
10 23
11 37
12 81
13 135
14 242
15 311
16 405
17 503
18 603
19 580
20 451
21 380
22 310
23 181
24 115
25 84
26 72
27 56
28 75
29 43
30 50
31 66
32 55
33 40
34 58
35 55
36 58
37 58
38 45
39 46
40 51
41 41
42 59
43 44
44 50
45 51
46 54
47 42
48 54
49 42
50 54
51 49
52 40
53 47
54 52
55 36
56 45
57 48
58 44
59 25
60 31
61 49
62 48
63 33
64 44
65 43
66 43
67 29
68 27
69 34
70 40
71 30
72 35
73 37
74 32
75 35
76 31
77 27
78 18
79 20
80 24
81 25
82 17
83 23
84 30
85 24
86 16
87 22
88 24
89 20
90 29
91 15
92 18
93 18
94 17
95 22
96 22
97 19
98 19
99 19
100 12
101 20
102 17
103 16
104 11
105 12
106 18
107 20
108 17
109 26
110 12
111 21
112 14
113 19
114 12
115 14
116 8
117 15
118 14
119 18
120 8
121 20
122 10
123 16
124 15
125 14
126 16
127 13
128 14
129 12
130 11
131 13
132 13
133 12
134 14
135 10
136 16
137 13
138 13
139 8
140 13
141 6
142 11
143 17
144 13
145 14
146 11
147 9
148 14
149 11
150 18
151 10
152 10
153 8
154 8
155 4
156 8
157 11
158 6
159 4
160 7
161 8
162 0
163 9
164 11
165 5
166 11
167 1
168 5
169 8
170 8
171 8
172 6
173 4
174 6
175 9
176 8
177 14
178 8
179 6
180 5
181 7
182 10
183 6
184 5
185 4
186 3
187 6
188 4
189 13
190 3
191 4
192 4
193 8
194 7
195 5
196 3
197 3
198 6
199 4
200 6
201 1
202 6
203 5
204 2
205 4
206 5
207 4
208 4
209 5
210 9
211 2
212 4
213 3
214 1
215 2
216 3
217 8
218 4
219 2
220 3
221 3
222 2
223 1
224 6
225 5
226 2
227 2
228 2
229 0
230 4
231 0
232 5
233 5
234 1
235 1
236 2
237 1
238 3
239 3
240 1
241 0
242 0
243 0
244 1
245 1
246 1
247 0
248 1
249 1
250 2
251 1
252 3
253 4
254 1
255 1
256 1
257 2
258 0
259 0
260 0
261 3
262 1
263 1
264 2
265 0
266 0
267 1
268 4
269 2
270 0
271 1
272 1
273 0
274 1
275 1
276 0
277 1
278 1
279 1
280 0
281 0
282 0
283 0
284 0
285 1
286 0
287 1
288 0
289 1
290 0
291 2
292 0
293 1
294 1
295 0
296 2
297 1
298 0
299 1
300 0
301 1
302 0
303 0
304 0
305 0
306 0
307 0
308 0
309 2
310 0
311 0
312 0
313 1
314 0
315 1
316 0
317 0
318 0
319 0
320 0
321 0
322 0
323 0
324 0
325 0
326 0
327 1
328 1
329 0
330 0
331 0
332 0
333 0
334 0
335 1
336 0
337 0
338 0
339 0
340 0
341 1
342 0
343 0
344 0
345 0
346 0
347 0
348 0
349 0
350 0
351 0
352 0
353 0
354 0
355 0
356 0
357 0
358 0
359 0
360 0
361 1
362 0
363 0
364 0
365 1
366 0
367 0
368 0
369 0
370 0
371 0
372 0
373 0
374 0
375 0
376 0
377 0
378 0
379 0
380 0
381 0
382 0
383 0
384 0
385 0
386 0
387 0
388 0
389 0
390 0
391 0
392 0
393 0
394 0
395 0
396 0
397 0
398 0
399 0
400 0
401 0
402 0
403 0
404 0
405 0
406 0
407 0
408 0
409 1
410 0
411 0
412 0
413 0
414 0
415 0
416 0
417 0
418 0
419 0
420 0
421 0
422 0
423 0
424 0
425 0
426 0
427 0
428 0
429 0
430 0
431 0
432 0
433 0
434 0
435 0
436 0
437 0
438 0
439 0
440 0
441 0
442 0
443 0
444 0
445 0
446 0
447 0
448 0
449 0
450 0
451 0
452 0
453 0
454 0
455 0
456 0
457 0
458 0
459 0
460 0
461 0
462 0
463 0
464 0
465 0
466 0
467 0
468 0
469 0
470 0
471 0
472 0
473 0
474 0
475 0
476 0
477 0
478 0
479 0
480 0
481 0
482 0
483 0
484 0
485 0
486 0
487 0
488 0
489 0
490 0
491 0
492 0
493 0
494 0
495 0
496 0
497 0
498 0
499 0
500 0
501 0
502 0
503 0
504 0
505 0
506 0
507 0
508 0
509 0
510 0
