0 0
1 0
2 0
3 0
4 0
5 0
6 0
7 0
8 1
9 3
10 10
11 16
12 39
13 70
14 96
15 162
16 158
17 251
18 240
19 211
20 205
21 170
22 145
23 110
24 93
25 79
26 60
27 45
28 52
29 46
30 56
31 37
32 48
33 65
34 60
35 47
36 46
37 45
38 36
39 52
40 49
41 40
42 40
43 40
44 42
45 45
46 35
47 54
48 46
49 53
50 45
51 55
52 32
53 38
54 34
55 36
56 45
57 34
58 43
59 22
60 44
61 33
62 24
63 31
64 28
65 40
66 31
67 31
68 30
69 32
70 32
71 33
72 27
73 21
74 22
75 29
76 20
77 25
78 20
79 24
80 21
81 22
82 19
83 17
84 8
85 11
86 17
87 12
88 17
89 21
90 18
91 17
92 18
93 14
94 17
95 14
96 10
97 14
98 15
99 8
100 18
101 11
102 15
103 15
104 11
105 11
106 16
107 15
108 11
109 13
110 12
111 12
112 10
113 19
114 14
115 8
116 7
117 17
118 12
119 12
120 14
121 13
122 5
123 12
124 6
125 9
126 2
127 6
128 10
129 7
130 15
131 9
132 9
133 5
134 12
135 11
136 11
137 9
138 6
139 5
140 8
141 3
142 11
143 9
144 8
145 13
146 3
147 5
148 8
149 8
150 3
151 5
152 6
153 9
154 5
155 8
156 8
157 7
158 2
159 7
160 10
161 7
162 7
163 6
164 5
165 6
166 3
167 4
168 2
169 8
170 3
171 3
172 2
173 5
174 5
175 6
176 2
177 6
178 6
179 9
180 5
181 6
182 5
183 4
184 3
185 2
186 0
187 3
188 2
189 5
190 6
191 2
192 4
193 4
194 5
195 3
196 4
197 3
198 4
199 2
200 4
201 1
202 2
203 3
204 2
205 0
206 5
207 7
208 2
209 1
210 2
211 3
212 4
213 2
214 2
215 0
216 1
217 3
218 3
219 2
220 2
221 0
222 3
223 3
224 3
225 0
226 1
227 0
228 4
229 0
230 0
231 2
232 4
233 1
234 1
235 2
236 0
237 2
238 1
239 2
240 1
241 3
242 0
243 1
244 2
245 2
246 1
247 0
248 0
249 0
250 2
251 0
252 1
253 2
254 0
255 0
256 0
257 1
258 2
259 0
260 4
261 1
262 1
263 1
264 2
265 0
266 1
267 0
268 2
269 0
270 1
271 2
272 0
273 0
274 1
275 0
276 1
277 0
278 0
279 0
280 0
281 0
282 0
283 0
284 0
285 1
286 0
287 1
288 0
289 0
290 0
291 0
292 0
293 0
294 0
295 1
296 0
297 0
298 0
299 0
300 0
301 0
302 0
303 0
304 0
305 0
306 0
307 0
308 0
309 0
310 0
311 0
312 0
313 0
314 0
315 0
316 0
317 0
318 1
319 0
320 1
321 0
322 1
323 0
324 0
325 0
326 0
327 0
328 0
329 1
330 0
331 0
332 0
333 0
334 0
335 0
336 0
337 0
338 0
339 0
340 0
341 0
342 0
343 0
344 0
345 0
346 0
347 0
348 0
349 0
350 0
351 0
352 1
353 0
354 0
355 0
356 0
357 0
358 0
359 0
360 0
361 0
362 0
363 0
364 0
365 0
366 0
367 0
368 0
369 0
370 0
371 0
372 0
373 0
374 0
375 0
376 0
377 0
378 0
379 0
380 0
381 0
382 1
383 0
384 0
385 0
386 0
387 0
388 0
389 0
390 0
391 0
392 0
393 0
394 0
395 0
396 0
397 0
398 0
399 0
400 0
401 0
402 0
403 0
404 0
405 0
406 0
407 0
408 0
409 0
410 0
411 0
412 0
413 0
414 0
415 0
416 0
417 0
418 0
419 0
420 0
421 0
422 0
423 0
424 0
425 0
426 0
427 0
428 0
429 0
430 0
431 0
432 0
433 0
434 0
435 0
436 0
437 0
438 0
439 0
440 0
441 0
442 0
443 0
444 0
445 0
446 0
447 0
448 0
449 0
450 0
451 0
452 0
453 0
454 0
455 0
456 0
457 0
458 0
459 0
460 0
461 0
462 0
463 0
464 0
465 0
466 0
467 0
468 0
469 0
470 0
471 0
472 0
473 0
474 0
475 0
476 0
477 0
478 0
479 0
480 0
481 0
482 0
483 0
484 0
485 0
486 0
487 0
488 0
489 0
490 0
491 0
492 0
493 0
494 0
495 0
496 0
497 0
498 0
499 0
500 0
501 0
502 0
503 0
504 0
505 0
506 0
507 0
508 0
509 0
510 0
