0 0
1 0
2 0
3 0
4 0
5 0
6 0
7 0
8 0
9 0
10 0
11 1
12 3
13 13
14 15
15 29
16 27
17 57
18 63
19 53
20 46
21 62
22 57
23 48
24 63
25 60
26 55
27 57
28 61
29 66
30 76
31 55
32 64
33 70
34 57
35 46
36 65
37 37
38 77
39 63
40 46
41 46
42 53
43 53
44 50
45 62
46 53
47 41
48 61
49 47
50 58
51 58
52 58
53 54
54 61
55 50
56 55
57 59
58 51
59 59
60 50
61 41
62 46
63 47
64 55
65 56
66 36
67 47
68 28
69 45
70 46
71 43
72 52
73 46
74 39
75 34
76 23
77 43
78 42
79 19
80 31
81 24
82 23
83 20
84 27
85 24
86 26
87 21
88 21
89 27
90 27
91 27
92 20
93 22
94 26
95 19
96 28
97 12
98 23
99 30
100 22
101 19
102 24
103 20
104 25
105 12
106 17
107 17
108 18
109 21
110 34
111 17
112 16
113 19
114 25
115 17
116 15
117 9
118 16
119 19
120 27
121 16
122 17
123 18
124 15
125 20
126 19
127 16
128 13
129 25
130 19
131 9
132 11
133 16
134 19
135 24
136 12
137 17
138 10
139 15
140 16
141 13
142 12
143 16
144 16
145 16
146 13
147 12
148 14
149 11
150 11
151 12
152 7
153 11
154 13
155 7
156 5
157 19
158 9
159 12
160 7
161 7
162 6
163 9
164 12
165 3
166 9
167 5
168 7
169 13
170 7
171 15
172 11
173 15
174 9
175 5
176 5
177 5
178 9
179 7
180 2
181 5
182 13
183 5
184 3
185 5
186 7
187 13
188 7
189 10
190 8
191 8
192 4
193 5
194 8
195 2
196 7
197 3
198 9
199 6
200 4
201 4
202 8
203 5
204 8
205 8
206 6
207 7
208 2
209 3
210 1
211 6
212 4
213 7
214 2
215 5
216 4
217 6
218 5
219 8
220 0
221 5
222 5
223 3
224 6
225 2
226 2
227 1
228 2
229 1
230 4
231 3
232 3
233 2
234 2
235 3
236 1
237 2
238 2
239 3
240 5
241 3
242 1
243 2
244 3
245 3
246 2
247 2
248 4
249 3
250 0
251 2
252 0
253 2
254 1
255 0
256 2
257 0
258 2
259 1
260 0
261 1
262 0
263 1
264 0
265 2
266 0
267 2
268 1
269 1
270 0
271 1
272 0
273 0
274 0
275 0
276 1
277 1
278 3
279 0
280 0
281 2
282 3
283 0
284 2
285 1
286 0
287 2
288 0
289 0
290 2
291 0
292 0
293 0
294 1
295 0
296 0
297 1
298 0
299 0
300 0
301 1
302 0
303 1
304 1
305 0
306 0
307 0
308 2
309 0
310 0
311 0
312 0
313 0
314 0
315 0
316 0
317 0
318 0
319 0
320 0
321 2
322 0
323 0
324 0
325 1
326 0
327 1
328 0
329 0
330 0
331 0
332 0
333 2
334 0
335 0
336 0
337 0
338 0
339 0
340 0
341 0
342 0
343 0
344 0
345 0
346 0
347 0
348 0
349 0
350 0
351 0
352 0
353 0
354 0
355 0
356 0
357 0
358 0
359 0
360 0
361 0
362 0
363 0
364 0
365 0
366 0
367 0
368 0
369 0
370 0
371 0
372 0
373 0
374 0
375 0
376 0
377 1
378 0
379 0
380 0
381 0
382 0
383 0
384 0
385 0
386 0
387 0
388 0
389 0
390 0
391 0
392 0
393 0
394 0
395 0
396 0
397 0
398 0
399 0
400 0
401 0
402 0
403 1
404 1
405 0
406 0
407 0
408 0
409 1
410 0
411 0
412 0
413 0
414 0
415 0
416 0
417 0
418 0
419 0
420 0
421 0
422 0
423 0
424 0
425 0
426 0
427 0
428 0
429 0
430 0
431 0
432 0
433 0
434 0
435 0
436 0
437 0
438 0
439 0
440 0
441 0
442 0
443 0
444 0
445 0
446 0
447 0
448 0
449 0
450 0
451 0
452 0
453 0
454 0
455 0
456 0
457 0
458 0
459 0
460 0
461 0
462 0
463 0
464 0
465 0
466 0
467 0
468 0
469 0
470 0
471 0
472 0
473 0
474 0
475 0
476 0
477 0
478 0
479 0
480 0
481 0
482 0
483 0
484 0
485 0
486 0
487 0
488 0
489 0
490 0
491 0
492 0
493 0
494 0
495 0
496 0
497 0
498 0
499 0
500 0
501 0
502 0
503 0
504 0
505 0
506 0
507 0
508 0
509 0
510 0
