0 0
1 0
2 0
3 0
4 0
5 0
6 1
7 0
8 3
9 8
10 22
11 47
12 127
13 222
14 341
15 400
16 550
17 604
18 628
19 531
20 482
21 411
22 323
23 212
24 152
25 111
26 114
27 101
28 86
29 105
30 90
31 83
32 101
33 91
34 107
35 98
36 90
37 103
38 91
39 94
40 94
41 87
42 89
43 80
44 85
45 78
46 81
47 79
48 112
49 95
50 82
51 98
52 80
53 79
54 69
55 62
56 79
57 59
58 65
59 66
60 75
61 77
62 71
63 68
64 43
65 66
66 59
67 66
68 56
69 61
70 61
71 54
72 54
73 68
74 53
75 60
76 42
77 43
78 43
79 38
80 48
81 34
82 28
83 39
84 31
85 30
86 37
87 40
88 21
89 35
90 32
91 32
92 31
93 33
94 30
95 35
96 26
97 28
98 25
99 28
100 25
101 30
102 31
103 25
104 26
105 28
106 21
107 20
108 17
109 21
110 25
111 25
112 28
113 18
114 29
115 25
116 16
117 22
118 11
119 26
120 15
121 20
122 21
123 16
124 27
125 13
126 24
127 17
128 18
129 23
130 17
131 19
132 11
133 28
134 18
135 21
136 19
137 12
138 22
139 20
140 19
141 18
142 28
143 22
144 10
145 21
146 17
147 23
148 13
149 16
150 14
151 14
152 8
153 14
154 18
155 15
156 12
157 11
158 18
159 11
160 10
161 11
162 18
163 10
164 13
165 9
166 15
167 8
168 9
169 15
170 8
171 8
172 10
173 12
174 10
175 8
176 15
177 7
178 11
179 12
180 14
181 8
182 11
183 10
184 12
185 10
186 14
187 10
188 11
189 11
190 3
191 7
192 10
193 8
194 8
195 8
196 9
197 1
198 8
199 8
200 6
201 7
202 9
203 2
204 6
205 9
206 7
207 7
208 4
209 4
210 7
211 3
212 4
213 3
214 6
215 6
216 3
217 3
218 4
219 6
220 2
221 3
222 6
223 7
224 4
225 5
226 5
227 1
228 2
229 3
230 4
231 4
232 3
233 5
234 1
235 5
236 2
237 3
238 1
239 4
240 3
241 1
242 1
243 2
244 0
245 5
246 2
247 2
248 2
249 4
250 3
251 0
252 1
253 1
254 0
255 2
256 1
257 4
258 0
259 0
260 2
261 0
262 3
263 4
264 1
265 0
266 2
267 2
268 1
269 3
270 2
271 1
272 0
273 2
274 1
275 1
276 0
277 2
278 1
279 1
280 1
281 2
282 1
283 1
284 2
285 1
286 1
287 2
288 0
289 2
290 0
291 0
292 0
293 2
294 0
295 1
296 1
297 0
298 1
299 0
300 0
301 1
302 1
303 0
304 0
305 0
306 0
307 2
308 0
309 2
310 0
311 0
312 0
313 0
314 0
315 0
316 0
317 0
318 3
319 1
320 1
321 0
322 1
323 0
324 0
325 0
326 0
327 0
328 1
329 0
330 1
331 1
332 1
333 0
334 0
335 0
336 1
337 0
338 0
339 0
340 0
341 0
342 0
343 1
344 0
345 0
346 0
347 0
348 0
349 2
350 0
351 0
352 0
353 0
354 0
355 0
356 0
357 0
358 1
359 0
360 0
361 0
362 0
363 0
364 0
365 0
366 0
367 0
368 0
369 0
370 0
371 1
372 0
373 0
374 1
375 1
376 0
377 0
378 0
379 0
380 0
381 1
382 0
383 0
384 0
385 0
386 0
387 0
388 0
389 0
390 0
391 0
392 0
393 1
394 0
395 0
396 0
397 0
398 0
399 0
400 0
401 0
402 0
403 0
404 0
405 0
406 0
407 0
408 0
409 0
410 0
411 0
412 0
413 0
414 0
415 0
416 0
417 0
418 0
419 0
420 0
421 0
422 0
423 0
424 0
425 0
426 0
427 0
428 0
429 0
430 0
431 0
432 0
433 0
434 0
435 0
436 0
437 0
438 0
439 0
440 0
441 0
442 0
443 0
444 0
445 0
446 0
447 0
448 0
449 0
450 0
451 0
452 0
453 0
454 0
455 0
456 0
457 0
458 0
459 0
460 0
461 0
462 0
463 0
464 0
465 0
466 0
467 0
468 0
469 0
470 0
471 0
472 0
473 0
474 0
475 0
476 0
477 0
478 0
479 0
480 0
481 0
482 0
483 0
484 0
485 0
486 0
487 0
488 0
489 0
490 0
491 0
492 0
493 0
494 0
495 0
496 0
497 0
498 0
499 0
500 0
501 0
502 0
503 0
504 0
505 0
506 0
507 0
508 0
509 0
510 0
