0 0
1 1
2 1
3 0
4 0
5 0
6 1
7 3
8 4
9 14
10 53
11 99
12 244
13 434
14 604
15 755
16 974
17 1151
18 1170
19 1021
20 841
21 681
22 468
23 355
24 248
25 192
26 167
27 144
28 145
29 139
30 131
31 156
32 151
33 141
34 139
35 130
36 158
37 140
38 148
39 152
40 149
41 141
42 150
43 153
44 143
45 179
46 168
47 159
48 181
49 191
50 191
51 184
52 186
53 175
54 208
55 185
56 167
57 181
58 183
59 167
60 197
61 191
62 165
63 149
64 177
65 172
66 171
67 160
68 143
69 146
70 158
71 161
72 157
73 166
74 161
75 125
76 111
77 141
78 144
79 130
80 127
81 140
82 128
83 133
84 124
85 106
86 121
87 115
88 113
89 106
90 104
91 102
92 113
93 91
94 113
95 84
96 86
97 97
98 91
99 84
100 88
101 94
102 94
103 94
104 95
105 97
106 92
107 87
108 103
109 72
110 78
111 75
112 82
113 104
114 77
115 83
116 85
117 88
118 75
119 74
120 75
121 79
122 66
123 75
124 78
125 73
126 86
127 82
128 76
129 88
130 69
131 79
132 76
133 79
134 70
135 62
136 58
137 75
138 67
139 72
140 63
141 73
142 57
143 63
144 68
145 58
146 55
147 63
148 69
149 60
150 74
151 59
152 48
153 58
154 54
155 52
156 67
157 49
158 45
159 53
160 49
161 50
162 62
163 51
164 49
165 52
166 42
167 61
168 53
169 48
170 60
171 29
172 39
173 37
174 36
175 38
176 40
177 43
178 33
179 37
180 47
181 30
182 46
183 41
184 49
185 37
186 48
187 41
188 34
189 38
190 24
191 31
192 32
193 26
194 29
195 33
196 36
197 22
198 22
199 37
200 38
201 29
202 22
203 23
204 27
205 28
206 22
207 29
208 16
209 17
210 24
211 19
212 30
213 25
214 21
215 22
216 18
217 32
218 21
219 18
220 18
221 25
222 16
223 23
224 12
225 18
226 20
227 10
228 13
229 13
230 17
231 16
232 13
233 13
234 14
235 14
236 14
237 12
238 10
239 12
240 15
241 10
242 11
243 14
244 11
245 11
246 10
247 15
248 17
249 10
250 10
251 9
252 7
253 7
254 15
255 6
256 2
257 7
258 11
259 5
260 5
261 5
262 6
263 6
264 2
265 7
266 10
267 12
268 10
269 1
270 5
271 6
272 5
273 7
274 0
275 8
276 4
277 6
278 3
279 5
280 5
281 4
282 1
283 1
284 7
285 4
286 6
287 4
288 1
289 4
290 3
291 3
292 4
293 4
294 2
295 2
296 5
297 1
298 1
299 0
300 4
301 1
302 2
303 1
304 2
305 2
306 3
307 3
308 3
309 1
310 2
311 1
312 2
313 1
314 0
315 2
316 6
317 2
318 4
319 2
320 1
321 0
322 0
323 0
324 3
325 1
326 1
327 1
328 0
329 0
330 0
331 0
332 1
333 0
334 0
335 1
336 0
337 0
338 0
339 0
340 0
341 0
342 0
343 1
344 0
345 0
346 0
347 1
348 1
349 1
350 0
351 1
352 2
353 0
354 0
355 0
356 0
357 0
358 0
359 0
360 0
361 1
362 0
363 1
364 0
365 0
366 0
367 2
368 2
369 0
370 0
371 0
372 0
373 0
374 1
375 0
376 0
377 0
378 0
379 0
380 0
381 0
382 0
383 0
384 0
385 0
386 0
387 0
388 0
389 0
390 0
391 0
392 1
393 0
394 0
395 1
396 0
397 0
398 0
399 0
400 0
401 0
402 0
403 0
404 0
405 0
406 0
407 0
408 0
409 1
410 0
411 0
412 0
413 0
414 0
415 0
416 0
417 0
418 0
419 0
420 0
421 0
422 0
423 0
424 0
425 0
426 0
427 0
428 0
429 0
430 0
431 0
432 0
433 0
434 0
435 0
436 0
437 0
438 0
439 0
440 0
441 0
442 0
443 0
444 0
445 0
446 0
447 0
448 0
449 0
450 0
451 0
452 0
453 0
454 0
455 0
456 0
457 0
458 0
459 0
460 0
461 0
462 0
463 0
464 0
465 0
466 0
467 0
468 0
469 0
470 0
471 0
472 0
473 0
474 0
475 0
476 0
477 0
478 0
479 0
480 0
481 0
482 0
483 0
484 0
485 0
486 0
487 0
488 0
489 0
490 0
491 0
492 0
493 0
494 0
495 0
496 0
497 0
498 0
499 0
500 0
501 0
502 0
503 0
504 0
505 0
506 0
507 0
508 0
509 0
510 0
