0 0
1 0
2 0
3 0
4 0
5 0
6 0
7 1
8 0
9 0
10 0
11 4
12 18
13 15
14 31
15 48
16 56
17 82
18 77
19 62
20 68
21 68
22 64
23 75
24 75
25 77
26 102
27 84
28 77
29 84
30 81
31 88
32 75
33 87
34 85
35 79
36 80
37 72
38 68
39 81
40 67
41 56
42 59
43 85
44 69
45 80
46 59
47 71
48 69
49 78
50 65
51 65
52 72
53 75
54 77
55 63
56 62
57 63
58 65
59 63
60 45
61 65
62 43
63 37
64 61
65 61
66 44
67 49
68 46
69 51
70 57
71 49
72 49
73 47
74 53
75 52
76 44
77 37
78 38
79 33
80 30
81 34
82 47
83 32
84 27
85 30
86 24
87 27
88 32
89 25
90 34
91 27
92 25
93 43
94 41
95 29
96 24
97 29
98 25
99 23
100 30
101 19
102 28
103 19
104 42
105 23
106 27
107 13
108 19
109 35
110 22
111 13
112 21
113 14
114 19
115 24
116 20
117 15
118 25
119 23
120 14
121 25
122 19
123 30
124 17
125 17
126 20
127 21
128 17
129 14
130 11
131 13
132 22
133 16
134 22
135 22
136 24
137 18
138 23
139 19
140 17
141 14
142 22
143 18
144 19
145 12
146 20
147 20
148 23
149 15
150 14
151 10
152 10
153 12
154 13
155 12
156 19
157 19
158 17
159 17
160 17
161 23
162 11
163 12
164 5
165 13
166 8
167 16
168 9
169 18
170 10
171 10
172 20
173 11
174 13
175 11
176 11
177 9
178 11
179 7
180 10
181 9
182 8
183 6
184 10
185 3
186 4
187 19
188 11
189 4
190 6
191 8
192 12
193 7
194 12
195 8
196 6
197 5
198 5
199 5
200 7
201 4
202 2
203 9
204 6
205 8
206 6
207 3
208 6
209 9
210 6
211 3
212 4
213 7
214 8
215 8
216 7
217 3
218 1
219 4
220 4
221 3
222 6
223 5
224 6
225 3
226 8
227 2
228 1
229 2
230 3
231 3
232 2
233 2
234 0
235 0
236 4
237 3
238 2
239 2
240 4
241 2
242 0
243 3
244 2
245 1
246 0
247 1
248 2
249 2
250 1
251 6
252 1
253 4
254 1
255 2
256 2
257 0
258 2
259 3
260 0
261 2
262 1
263 2
264 2
265 3
266 1
267 1
268 1
269 0
270 1
271 0
272 0
273 2
274 0
275 1
276 1
277 2
278 1
279 2
280 1
281 1
282 2
283 3
284 3
285 1
286 0
287 1
288 1
289 1
290 1
291 1
292 1
293 0
294 0
295 0
296 0
297 0
298 3
299 0
300 3
301 1
302 0
303 1
304 0
305 1
306 2
307 0
308 0
309 0
310 1
311 1
312 0
313 0
314 0
315 0
316 0
317 1
318 0
319 0
320 0
321 0
322 0
323 0
324 0
325 0
326 0
327 0
328 0
329 0
330 0
331 0
332 0
333 0
334 0
335 0
336 0
337 0
338 0
339 0
340 0
341 1
342 0
343 0
344 0
345 0
346 0
347 0
348 1
349 0
350 0
351 0
352 0
353 0
354 0
355 1
356 1
357 0
358 0
359 0
360 1
361 0
362 0
363 0
364 0
365 1
366 0
367 0
368 0
369 0
370 1
371 0
372 0
373 0
374 0
375 0
376 0
377 0
378 0
379 0
380 0
381 0
382 0
383 1
384 0
385 0
386 0
387 0
388 0
389 0
390 0
391 0
392 0
393 0
394 0
395 0
396 0
397 0
398 0
399 0
400 0
401 0
402 0
403 0
404 0
405 0
406 0
407 0
408 1
409 0
410 0
411 0
412 0
413 0
414 0
415 0
416 0
417 0
418 0
419 0
420 0
421 0
422 0
423 0
424 0
425 0
426 0
427 0
428 0
429 0
430 0
431 0
432 0
433 0
434 0
435 0
436 0
437 0
438 0
439 0
440 0
441 0
442 0
443 0
444 0
445 0
446 0
447 0
448 0
449 0
450 0
451 0
452 0
453 0
454 0
455 0
456 0
457 0
458 0
459 0
460 0
461 0
462 0
463 0
464 0
465 0
466 0
467 0
468 0
469 0
470 0
471 0
472 0
473 0
474 0
475 0
476 0
477 0
478 0
479 0
480 0
481 0
482 0
483 0
484 0
485 0
486 0
487 0
488 0
489 0
490 0
491 0
492 0
493 0
494 0
495 0
496 0
497 0
498 0
499 0
500 0
501 0
502 0
503 0
504 0
505 0
506 0
507 0
508 0
509 0
510 0
