0 0
1 0
2 0
3 0
4 0
5 0
6 1
7 1
8 1
9 13
10 32
11 82
12 171
13 311
14 484
15 591
16 747
17 893
18 871
19 875
20 729
21 526
22 400
23 300
24 232
25 164
26 129
27 117
28 127
29 113
30 118
31 114
32 100
33 105
34 116
35 120
36 121
37 112
38 107
39 129
40 106
41 108
42 90
43 105
44 95
45 86
46 108
47 102
48 95
49 126
50 99
51 102
52 93
53 82
54 95
55 64
56 79
57 75
58 75
59 65
60 87
61 74
62 78
63 74
64 67
65 72
66 64
67 56
68 70
69 64
70 75
71 66
72 60
73 62
74 60
75 54
76 56
77 57
78 55
79 51
80 45
81 49
82 42
83 38
84 40
85 44
86 43
87 39
88 48
89 37
90 33
91 37
92 27
93 35
94 37
95 28
96 30
97 28
98 38
99 26
100 38
101 27
102 32
103 34
104 23
105 38
106 36
107 32
108 36
109 34
110 43
111 20
112 23
113 32
114 34
115 30
116 24
117 23
118 29
119 30
120 22
121 28
122 25
123 23
124 21
125 18
126 30
127 22
128 22
129 24
130 23
131 18
132 24
133 25
134 12
135 23
136 18
137 19
138 23
139 14
140 19
141 26
142 23
143 25
144 15
145 21
146 26
147 16
148 17
149 19
150 16
151 20
152 21
153 20
154 15
155 16
156 15
157 11
158 17
159 14
160 20
161 13
162 17
163 16
164 12
165 15
166 15
167 25
168 13
169 15
170 14
171 11
172 21
173 12
174 12
175 9
176 10
177 7
178 8
179 10
180 13
181 14
182 13
183 11
184 21
185 14
186 2
187 3
188 6
189 7
190 11
191 11
192 10
193 7
194 11
195 6
196 11
197 5
198 8
199 11
200 2
201 9
202 7
203 11
204 5
205 5
206 8
207 6
208 5
209 7
210 8
211 6
212 7
213 7
214 9
215 5
216 5
217 4
218 4
219 4
220 2
221 3
222 2
223 3
224 5
225 2
226 3
227 5
228 9
229 3
230 4
231 2
232 4
233 1
234 2
235 3
236 1
237 2
238 2
239 5
240 4
241 3
242 0
243 0
244 6
245 2
246 3
247 3
248 1
249 3
250 2
251 4
252 3
253 3
254 1
255 2
256 0
257 6
258 2
259 1
260 4
261 2
262 2
263 4
264 3
265 3
266 2
267 3
268 3
269 4
270 0
271 2
272 0
273 0
274 2
275 0
276 1
277 1
278 0
279 0
280 2
281 2
282 1
283 0
284 2
285 1
286 2
287 0
288 1
289 1
290 1
291 0
292 0
293 1
294 1
295 0
296 1
297 0
298 0
299 1
300 0
301 0
302 1
303 0
304 0
305 0
306 0
307 0
308 0
309 1
310 0
311 1
312 0
313 0
314 1
315 0
316 0
317 0
318 0
319 0
320 0
321 1
322 0
323 1
324 0
325 0
326 0
327 0
328 0
329 1
330 0
331 0
332 0
333 0
334 0
335 1
336 0
337 0
338 0
339 0
340 0
341 0
342 0
343 0
344 0
345 0
346 0
347 0
348 0
349 0
350 0
351 0
352 0
353 0
354 0
355 0
356 0
357 0
358 0
359 0
360 0
361 0
362 0
363 0
364 0
365 0
366 0
367 0
368 0
369 0
370 0
371 0
372 0
373 0
374 0
375 0
376 0
377 0
378 0
379 0
380 0
381 0
382 0
383 0
384 0
385 0
386 0
387 0
388 0
389 0
390 0
391 0
392 0
393 0
394 0
395 0
396 0
397 0
398 0
399 0
400 0
401 0
402 0
403 0
404 1
405 0
406 0
407 0
408 0
409 2
410 0
411 0
412 0
413 0
414 0
415 0
416 0
417 0
418 0
419 0
420 0
421 0
422 0
423 0
424 0
425 0
426 0
427 0
428 0
429 0
430 0
431 0
432 0
433 0
434 0
435 0
436 0
437 0
438 0
439 0
440 0
441 0
442 0
443 0
444 0
445 0
446 0
447 0
448 0
449 0
450 0
451 0
452 0
453 0
454 0
455 0
456 0
457 0
458 0
459 0
460 0
461 0
462 0
463 0
464 0
465 0
466 0
467 0
468 0
469 0
470 0
471 0
472 0
473 0
474 0
475 0
476 0
477 0
478 0
479 0
480 0
481 0
482 0
483 0
484 0
485 0
486 0
487 0
488 0
489 0
490 0
491 0
492 0
493 0
494 0
495 0
496 0
497 0
498 0
499 0
500 0
501 0
502 0
503 0
504 0
505 0
506 0
507 0
508 0
509 0
510 0
