0 3
1 2
2 4
3 9
4 5
5 10
6 6
7 11
8 16
9 22
10 29
11 69
12 109
13 215
14 337
15 459
16 521
17 763
18 876
19 897
20 957
21 1086
22 1153
23 1146
24 1243
25 1162
26 1167
27 1153
28 1092
29 1139
30 1126
31 1161
32 1115
33 1069
34 1081
35 968
36 1078
37 1057
38 1036
39 1110
40 1021
41 1053
42 1066
43 988
44 1002
45 978
46 1013
47 928
48 965
49 988
50 999
51 910
52 991
53 919
54 996
55 921
56 931
57 929
58 873
59 897
60 873
61 835
62 859
63 848
64 778
65 811
66 762
67 715
68 722
69 719
70 695
71 694
72 715
73 668
74 732
75 639
76 654
77 624
78 678
79 620
80 581
81 557
82 587
83 585
84 562
85 589
86 573
87 513
88 584
89 558
90 551
91 487
92 556
93 557
94 540
95 514
96 503
97 507
98 496
99 498
100 475
101 470
102 498
103 462
104 498
105 441
106 440
107 485
108 398
109 472
110 438
111 462
112 456
113 419
114 432
115 405
116 444
117 420
118 418
119 437
120 421
121 378
122 328
123 330
124 352
125 316
126 319
127 299
128 288
129 278
130 230
131 231
132 188
133 215
134 191
135 187
136 178
137 150
138 177
139 149
140 139
141 142
142 158
143 154
144 131
145 132
146 150
147 133
148 139
149 134
150 134
151 115
152 116
153 126
154 113
155 136
156 118
157 99
158 103
159 113
160 99
161 109
162 91
163 112
164 121
165 100
166 110
167 96
168 92
169 95
170 120
171 87
172 91
173 98
174 91
175 78
176 87
177 80
178 92
179 78
180 95
181 89
182 76
183 78
184 78
185 71
186 71
187 73
188 79
189 67
190 77
191 63
192 72
193 69
194 75
195 71
196 57
197 63
198 52
199 70
200 54
201 51
202 58
203 51
204 52
205 56
206 55
207 54
208 54
209 60
210 57
211 49
212 68
213 45
214 50
215 58
216 51
217 42
218 37
219 43
220 48
221 29
222 42
223 41
224 45
225 46
226 37
227 50
228 35
229 43
230 37
231 36
232 31
233 29
234 31
235 36
236 24
237 29
238 39
239 22
240 31
241 28
242 31
243 29
244 33
245 33
246 29
247 20
248 23
249 32
250 21
251 29
252 26
253 23
254 23
255 28
256 21
257 16
258 27
259 19
260 16
261 19
262 24
263 10
264 21
265 14
266 18
267 22
268 25
269 20
270 18
271 22
272 16
273 15
274 14
275 11
276 13
277 21
278 12
279 14
280 11
281 11
282 10
283 12
284 6
285 12
286 5
287 13
288 12
289 15
290 10
291 12
292 11
293 14
294 8
295 8
296 13
297 8
298 12
299 8
300 4
301 4
302 8
303 7
304 5
305 7
306 1
307 7
308 10
309 4
310 8
311 9
312 6
313 6
314 9
315 4
316 8
317 5
318 6
319 8
320 3
321 6
322 8
323 3
324 3
325 4
326 2
327 2
328 4
329 4
330 5
331 3
332 1
333 5
334 3
335 3
336 2
337 1
338 3
339 5
340 3
341 0
342 3
343 2
344 0
345 2
346 3
347 0
348 2
349 2
350 2
351 2
352 3
353 1
354 0
355 2
356 2
357 3
358 0
359 1
360 1
361 2
362 0
363 0
364 0
365 0
366 1
367 0
368 0
369 1
370 0
371 0
372 0
373 0
374 0
375 1
376 1
377 1
378 0
379 0
380 0
381 1
382 1
383 1
384 1
385 0
386 2
387 0
388 0
389 1
390 0
391 0
392 0
393 0
394 0
395 0
396 0
397 0
398 0
399 1
400 0
401 0
402 0
403 0
404 0
405 0
406 0
407 0
408 0
409 0
410 0
411 0
412 0
413 0
414 0
415 0
416 0
417 0
418 0
419 0
420 0
421 0
422 0
423 0
424 0
425 0
426 0
427 0
428 0
429 0
430 0
431 0
432 0
433 0
434 0
435 0
436 0
437 0
438 0
439 0
440 0
441 0
442 0
443 0
444 0
445 0
446 0
447 0
448 0
449 0
450 0
451 0
452 0
453 0
454 0
455 0
456 0
457 0
458 0
459 0
460 0
461 0
462 0
463 0
464 0
465 0
466 0
467 0
468 0
469 0
470 0
471 0
472 0
473 0
474 0
475 0
476 0
477 0
478 0
479 0
480 0
481 0
482 0
483 0
484 0
485 0
486 0
487 0
488 0
489 0
490 0
491 0
492 0
493 0
494 0
495 0
496 0
497 0
498 0
499 0
500 0
501 0
502 0
503 0
504 0
505 0
506 0
507 0
508 0
509 0
510 0
