0 12
1 24
2 31
3 33
4 41
5 35
6 48
7 55
8 64
9 91
10 155
11 281
12 521
13 887
14 1309
15 1645
16 2063
17 2707
18 2998
19 3158
20 3341
21 3658
22 3809
23 3978
24 4035
25 3907
26 3880
27 3770
28 3816
29 3932
30 3809
31 3567
32 3756
33 3725
34 3660
35 3549
36 3641
37 3661
38 3513
39 3767
40 3561
41 3623
42 3510
43 3490
44 3521
45 3532
46 3409
47 3411
48 3543
49 3553
50 3526
51 3490
52 3521
53 3461
54 3441
55 3352
56 3319
57 3315
58 3234
59 3035
60 3054
61 3095
62 3042
63 2948
64 2906
65 2822
66 2823
67 2898
68 2657
69 2805
70 2664
71 2670
72 2642
73 2558
74 2544
75 2540
76 2459
77 2388
78 2296
79 2352
80 2376
81 2237
82 2267
83 2355
84 2179
85 2203
86 2170
87 2249
88 2177
89 2129
90 2029
91 2044
92 2131
93 2068
94 1931
95 2060
96 2056
97 1844
98 1929
99 1963
100 1965
101 1901
102 1958
103 1950
104 1951
105 1918
106 1921
107 1821
108 1858
109 1802
110 1821
111 1785
112 1734
113 1839
114 1825
115 1734
116 1768
117 1690
118 1632
119 1670
120 1559
121 1551
122 1501
123 1403
124 1378
125 1334
126 1257
127 1207
128 1154
129 1107
130 982
131 950
132 875
133 823
134 835
135 753
136 678
137 750
138 653
139 658
140 609
141 620
142 568
143 565
144 596
145 583
146 546
147 573
148 590
149 506
150 524
151 527
152 472
153 518
154 493
155 497
156 505
157 512
158 486
159 476
160 424
161 457
162 451
163 432
164 449
165 455
166 429
167 415
168 420
169 372
170 383
171 383
172 411
173 353
174 399
175 394
176 346
177 374
178 361
179 356
180 351
181 323
182 326
183 336
184 320
185 306
186 337
187 345
188 307
189 319
190 304
191 282
192 293
193 264
194 298
195 282
196 257
197 238
198 248
199 264
200 267
201 261
202 235
203 236
204 234
205 253
206 224
207 226
208 242
209 222
210 214
211 190
212 217
213 203
214 221
215 187
216 185
217 164
218 173
219 191
220 201
221 172
222 149
223 162
224 145
225 176
226 150
227 144
228 149
229 157
230 141
231 163
232 143
233 131
234 143
235 142
236 153
237 124
238 95
239 131
240 115
241 124
242 110
243 108
244 121
245 111
246 104
247 115
248 94
249 99
250 108
251 106
252 87
253 77
254 89
255 90
256 92
257 84
258 77
259 89
260 63
261 67
262 73
263 80
264 70
265 68
266 58
267 71
268 50
269 66
270 61
271 65
272 65
273 53
274 56
275 56
276 61
277 55
278 53
279 44
280 43
281 42
282 43
283 54
284 48
285 49
286 38
287 33
288 39
289 49
290 38
291 39
292 36
293 33
294 32
295 28
296 32
297 28
298 31
299 28
300 34
301 25
302 28
303 30
304 19
305 32
306 20
307 14
308 28
309 17
310 22
311 23
312 17
313 21
314 26
315 21
316 25
317 13
318 15
319 18
320 18
321 19
322 11
323 18
324 14
325 15
326 17
327 9
328 16
329 12
330 10
331 11
332 16
333 12
334 5
335 12
336 14
337 11
338 10
339 10
340 9
341 6
342 8
343 6
344 10
345 7
346 3
347 4
348 7
349 5
350 5
351 4
352 7
353 8
354 9
355 5
356 5
357 6
358 5
359 5
360 4
361 2
362 3
363 8
364 6
365 2
366 6
367 2
368 4
369 3
370 4
371 3
372 2
373 2
374 1
375 1
376 4
377 2
378 1
379 2
380 3
381 2
382 3
383 0
384 1
385 1
386 3
387 2
388 3
389 3
390 0
391 0
392 1
393 1
394 1
395 1
396 3
397 0
398 1
399 1
400 0
401 0
402 0
403 0
404 1
405 3
406 1
407 1
408 4
409 1
410 0
411 0
412 0
413 0
414 0
415 0
416 0
417 0
418 0
419 0
420 0
421 0
422 0
423 0
424 0
425 0
426 0
427 0
428 0
429 0
430 0
431 0
432 0
433 0
434 0
435 0
436 0
437 0
438 0
439 0
440 0
441 0
442 0
443 0
444 0
445 0
446 0
447 0
448 0
449 0
450 0
451 0
452 0
453 0
454 0
455 0
456 0
457 0
458 0
459 0
460 0
461 0
462 0
463 0
464 0
465 0
466 0
467 0
468 0
469 0
470 0
471 0
472 0
473 0
474 0
475 0
476 0
477 0
478 0
479 0
480 0
481 0
482 0
483 0
484 0
485 0
486 0
487 0
488 0
489 0
490 0
491 0
492 0
493 0
494 0
495 0
496 0
497 0
498 0
499 0
500 0
501 0
502 0
503 0
504 0
505 0
506 0
507 0
508 0
509 0
510 0
