0 0
1 0
2 0
3 0
4 0
5 0
6 0
7 0
8 0
9 0
10 0
11 1
12 2
13 3
14 7
15 3
16 3
17 5
18 8
19 6
20 19
21 8
22 9
23 8
24 9
25 4
26 7
27 5
28 6
29 11
30 9
31 7
32 5
33 1
34 2
35 5
36 2
37 3
38 6
39 2
40 4
41 3
42 8
43 1
44 4
45 7
46 3
47 2
48 2
49 5
50 3
51 8
52 6
53 0
54 9
55 8
56 4
57 5
58 5
59 2
60 4
61 5
62 4
63 5
64 10
65 9
66 1
67 12
68 5
69 5
70 2
71 6
72 3
73 5
74 7
75 5
76 4
77 2
78 9
79 4
80 4
81 4
82 3
83 3
84 2
85 2
86 11
87 4
88 9
89 4
90 6
91 6
92 4
93 4
94 4
95 5
96 4
97 4
98 2
99 6
100 4
101 5
102 2
103 3
104 4
105 1
106 8
107 2
108 2
109 5
110 5
111 7
112 3
113 2
114 6
115 3
116 4
117 3
118 3
119 0
120 2
121 1
122 4
123 6
124 2
125 3
126 7
127 2
128 2
129 3
130 2
131 3
132 4
133 6
134 7
135 1
136 5
137 3
138 1
139 4
140 2
141 4
142 1
143 1
144 0
145 1
146 2
147 5
148 2
149 2
150 2
151 1
152 3
153 1
154 2
155 3
156 2
157 4
158 2
159 1
160 2
161 2
162 4
163 1
164 4
165 3
166 0
167 2
168 0
169 2
170 0
171 1
172 2
173 1
174 0
175 0
176 1
177 2
178 1
179 0
180 0
181 0
182 5
183 1
184 0
185 1
186 0
187 0
188 1
189 2
190 0
191 0
192 0
193 0
194 3
195 0
196 0
197 0
198 1
199 1
200 0
201 1
202 1
203 1
204 0
205 0
206 0
207 0
208 0
209 0
210 1
211 2
212 0
213 1
214 0
215 0
216 1
217 0
218 1
219 0
220 0
221 1
222 0
223 0
224 0
225 0
226 0
227 0
228 1
229 1
230 1
231 0
232 0
233 1
234 0
235 1
236 0
237 0
238 0
239 0
240 0
241 0
242 0
243 0
244 0
245 1
246 0
247 0
248 0
249 1
250 1
251 0
252 0
253 0
254 0
255 0
256 0
257 0
258 1
259 0
260 0
261 0
262 1
263 0
264 0
265 0
266 0
267 0
268 0
269 0
270 0
271 0
272 0
273 0
274 0
275 0
276 0
277 0
278 0
279 0
280 0
281 0
282 0
283 0
284 0
285 0
286 0
287 0
288 0
289 0
290 0
291 0
292 0
293 0
294 0
295 0
296 0
297 0
298 0
299 0
300 0
301 0
302 0
303 0
304 0
305 0
306 0
307 0
308 0
309 0
310 0
311 0
312 0
313 0
314 0
315 0
316 0
317 0
318 0
319 0
320 0
321 0
322 0
323 0
324 0
325 0
326 0
327 0
328 0
329 0
330 0
331 0
332 0
333 0
334 0
335 0
336 0
337 0
338 0
339 0
340 0
341 0
342 0
343 0
344 0
345 0
346 0
347 0
348 0
349 0
350 0
351 0
352 0
353 0
354 0
355 0
356 0
357 0
358 0
359 0
360 0
361 0
362 0
363 0
364 0
365 0
366 0
367 0
368 0
369 0
370 0
371 0
372 0
373 0
374 0
375 0
376 0
377 0
378 0
379 0
380 0
381 0
382 0
383 0
384 0
385 0
386 0
387 0
388 0
389 0
390 0
391 0
392 0
393 0
394 0
395 0
396 0
397 0
398 0
399 0
400 0
401 0
402 0
403 0
404 0
405 0
406 0
407 1
408 0
409 0
410 0
411 0
412 0
413 0
414 0
415 0
416 0
417 0
418 0
419 0
420 0
421 0
422 0
423 0
424 0
425 0
426 0
427 0
428 0
429 0
430 0
431 0
432 0
433 0
434 0
435 0
436 0
437 0
438 0
439 0
440 0
441 0
442 0
443 0
444 0
445 0
446 0
447 0
448 0
449 0
450 0
451 0
452 0
453 0
454 0
455 0
456 0
457 0
458 0
459 0
460 0
461 0
462 0
463 0
464 0
465 0
466 0
467 0
468 0
469 0
470 0
471 0
472 0
473 0
474 0
475 0
476 0
477 0
478 0
479 0
480 0
481 0
482 0
483 0
484 0
485 0
486 0
487 0
488 0
489 0
490 0
491 0
492 0
493 0
494 0
495 0
496 0
497 0
498 0
499 0
500 0
501 0
502 0
503 0
504 0
505 0
506 0
507 0
508 0
509 0
510 0
