0 1
1 0
2 0
3 0
4 0
5 0
6 0
7 1
8 0
9 2
10 0
11 2
12 1
13 14
14 8
15 14
16 14
17 33
18 28
19 28
20 39
21 30
22 28
23 39
24 47
25 40
26 43
27 52
28 46
29 53
30 46
31 30
32 31
33 49
34 34
35 37
36 46
37 46
38 59
39 81
40 79
41 79
42 92
43 98
44 113
45 104
46 103
47 148
48 150
49 137
50 130
51 146
52 138
53 131
54 123
55 139
56 182
57 127
58 126
59 135
60 118
61 102
62 128
63 123
64 132
65 120
66 107
67 101
68 108
69 114
70 105
71 80
72 92
73 77
74 92
75 70
76 99
77 91
78 85
79 90
80 86
81 85
82 81
83 76
84 85
85 79
86 59
87 71
88 61
89 77
90 61
91 62
92 66
93 67
94 51
95 60
96 70
97 80
98 56
99 56
100 60
101 67
102 49
103 57
104 58
105 41
106 62
107 56
108 57
109 47
110 56
111 41
112 55
113 48
114 43
115 41
116 46
117 55
118 49
119 60
120 48
121 48
122 54
123 55
124 50
125 46
126 41
127 38
128 54
129 48
130 52
131 55
132 44
133 47
134 35
135 43
136 45
137 51
138 39
139 40
140 39
141 53
142 50
143 31
144 42
145 36
146 39
147 39
148 51
149 31
150 36
151 40
152 34
153 34
154 34
155 42
156 34
157 32
158 32
159 27
160 36
161 42
162 36
163 35
164 34
165 32
166 29
167 32
168 32
169 26
170 36
171 37
172 26
173 33
174 24
175 37
176 26
177 26
178 18
179 32
180 26
181 27
182 24
183 38
184 31
185 28
186 20
187 36
188 29
189 22
190 33
191 23
192 23
193 23
194 26
195 25
196 23
197 19
198 16
199 24
200 18
201 25
202 21
203 22
204 17
205 17
206 15
207 27
208 20
209 21
210 17
211 18
212 24
213 21
214 19
215 15
216 22
217 16
218 15
219 16
220 17
221 13
222 15
223 13
224 15
225 22
226 13
227 13
228 16
229 21
230 17
231 20
232 9
233 14
234 12
235 15
236 15
237 17
238 17
239 16
240 17
241 15
242 13
243 13
244 13
245 14
246 8
247 13
248 11
249 10
250 8
251 8
252 18
253 9
254 8
255 12
256 9
257 7
258 12
259 5
260 7
261 17
262 8
263 8
264 7
265 5
266 7
267 8
268 9
269 8
270 9
271 3
272 5
273 3
274 5
275 9
276 7
277 3
278 6
279 11
280 6
281 6
282 2
283 10
284 6
285 5
286 7
287 6
288 5
289 7
290 6
291 5
292 5
293 3
294 4
295 5
296 5
297 3
298 3
299 4
300 3
301 2
302 4
303 2
304 1
305 2
306 4
307 2
308 1
309 1
310 3
311 5
312 2
313 2
314 4
315 7
316 3
317 2
318 3
319 4
320 1
321 5
322 5
323 0
324 2
325 2
326 0
327 5
328 1
329 1
330 0
331 0
332 4
333 2
334 2
335 2
336 2
337 3
338 6
339 1
340 4
341 4
342 1
343 1
344 2
345 3
346 2
347 4
348 2
349 2
350 2
351 1
352 1
353 3
354 3
355 2
356 0
357 1
358 2
359 2
360 1
361 1
362 1
363 1
364 1
365 1
366 0
367 0
368 1
369 3
370 0
371 1
372 1
373 2
374 2
375 0
376 0
377 0
378 0
379 0
380 0
381 3
382 1
383 0
384 3
385 1
386 0
387 1
388 1
389 1
390 2
391 0
392 0
393 0
394 1
395 0
396 0
397 1
398 1
399 0
400 0
401 1
402 0
403 1
404 2
405 0
406 1
407 1
408 3
409 8
410 0
411 0
412 0
413 0
414 0
415 0
416 0
417 0
418 0
419 0
420 0
421 0
422 0
423 0
424 0
425 0
426 0
427 0
428 0
429 0
430 0
431 0
432 0
433 0
434 0
435 0
436 0
437 0
438 0
439 0
440 0
441 0
442 0
443 0
444 0
445 0
446 0
447 0
448 0
449 0
450 0
451 0
452 0
453 0
454 0
455 0
456 0
457 0
458 0
459 0
460 0
461 0
462 0
463 0
464 0
465 0
466 0
467 0
468 0
469 0
470 0
471 0
472 0
473 0
474 0
475 0
476 0
477 0
478 0
479 0
480 0
481 0
482 0
483 0
484 0
485 0
486 0
487 0
488 0
489 0
490 0
491 0
492 0
493 0
494 0
495 0
496 0
497 0
498 0
499 0
500 0
501 0
502 0
503 0
504 0
505 0
506 0
507 0
508 0
509 0
510 0
