0 2
1 0
2 0
3 0
4 0
5 0
6 0
7 0
8 0
9 1
10 0
11 2
12 3
13 8
14 4
15 7
16 11
17 20
18 20
19 24
20 24
21 24
22 33
23 32
24 16
25 30
26 24
27 19
28 27
29 32
30 19
31 27
32 28
33 29
34 29
35 32
36 29
37 31
38 41
39 51
40 57
41 65
42 54
43 57
44 70
45 77
46 82
47 78
48 71
49 101
50 93
51 85
52 87
53 84
54 97
55 103
56 85
57 97
58 75
59 77
60 79
61 79
62 81
63 76
64 85
65 74
66 61
67 64
68 72
69 62
70 79
71 64
72 52
73 50
74 60
75 51
76 51
77 58
78 47
79 56
80 51
81 52
82 47
83 41
84 48
85 59
86 38
87 45
88 43
89 43
90 40
91 52
92 47
93 37
94 34
95 47
96 41
97 41
98 39
99 38
100 28
101 34
102 33
103 26
104 39
105 34
106 46
107 30
108 48
109 25
110 37
111 26
112 25
113 38
114 34
115 30
116 36
117 21
118 30
119 29
120 26
121 35
122 23
123 33
124 24
125 31
126 35
127 36
128 28
129 31
130 43
131 30
132 21
133 30
134 33
135 45
136 22
137 27
138 26
139 20
140 28
141 23
142 38
143 24
144 26
145 30
146 31
147 28
148 31
149 22
150 32
151 27
152 36
153 21
154 27
155 28
156 20
157 32
158 19
159 30
160 26
161 25
162 24
163 22
164 21
165 27
166 18
167 26
168 27
169 10
170 22
171 18
172 18
173 17
174 23
175 13
176 25
177 18
178 21
179 19
180 14
181 18
182 22
183 13
184 23
185 13
186 14
187 15
188 18
189 17
190 17
191 7
192 15
193 16
194 16
195 17
196 20
197 14
198 13
199 17
200 10
201 18
202 11
203 17
204 17
205 13
206 10
207 13
208 11
209 12
210 13
211 15
212 9
213 10
214 13
215 12
216 13
217 14
218 13
219 16
220 8
221 16
222 9
223 15
224 15
225 11
226 6
227 11
228 13
229 13
230 6
231 10
232 5
233 15
234 6
235 11
236 7
237 10
238 6
239 7
240 5
241 6
242 9
243 7
244 5
245 8
246 4
247 6
248 6
249 4
250 5
251 3
252 7
253 7
254 5
255 6
256 3
257 5
258 7
259 4
260 8
261 9
262 4
263 1
264 2
265 7
266 7
267 5
268 5
269 9
270 9
271 2
272 2
273 1
274 4
275 5
276 3
277 5
278 3
279 5
280 3
281 1
282 7
283 1
284 8
285 1
286 3
287 7
288 3
289 1
290 2
291 2
292 5
293 1
294 1
295 5
296 3
297 7
298 2
299 3
300 0
301 3
302 1
303 5
304 2
305 2
306 2
307 2
308 1
309 6
310 0
311 1
312 3
313 1
314 3
315 0
316 3
317 1
318 2
319 1
320 4
321 1
322 2
323 1
324 5
325 0
326 1
327 0
328 0
329 1
330 2
331 1
332 3
333 4
334 2
335 2
336 0
337 2
338 2
339 4
340 0
341 1
342 0
343 0
344 1
345 1
346 1
347 3
348 1
349 1
350 3
351 0
352 2
353 0
354 1
355 0
356 0
357 1
358 1
359 0
360 2
361 0
362 0
363 0
364 0
365 1
366 0
367 0
368 0
369 1
370 0
371 0
372 0
373 1
374 0
375 0
376 0
377 1
378 1
379 0
380 0
381 1
382 1
383 1
384 0
385 0
386 0
387 0
388 0
389 1
390 0
391 0
392 0
393 2
394 0
395 1
396 0
397 0
398 0
399 0
400 0
401 0
402 1
403 1
404 0
405 0
406 0
407 1
408 6
409 1
410 0
411 0
412 0
413 0
414 0
415 0
416 0
417 0
418 0
419 0
420 0
421 0
422 0
423 0
424 0
425 0
426 0
427 0
428 0
429 0
430 0
431 0
432 0
433 0
434 0
435 0
436 0
437 0
438 0
439 0
440 0
441 0
442 0
443 0
444 0
445 0
446 0
447 0
448 0
449 0
450 0
451 0
452 0
453 0
454 0
455 0
456 0
457 0
458 0
459 0
460 0
461 0
462 0
463 0
464 0
465 0
466 0
467 0
468 0
469 0
470 0
471 0
472 0
473 0
474 0
475 0
476 0
477 0
478 0
479 0
480 0
481 0
482 0
483 0
484 0
485 0
486 0
487 0
488 0
489 0
490 0
491 0
492 0
493 0
494 0
495 0
496 0
497 0
498 0
499 0
500 0
501 0
502 0
503 0
504 0
505 0
506 0
507 0
508 0
509 0
510 0
