0 2
1 5
2 1
3 0
4 1
5 2
6 0
7 4
8 8
9 4
10 3
11 19
12 22
13 50
14 62
15 98
16 121
17 144
18 170
19 242
20 216
21 227
22 211
23 217
24 273
25 253
26 267
27 261
28 244
29 257
30 274
31 300
32 299
33 290
34 311
35 321
36 304
37 307
38 355
39 451
40 436
41 517
42 573
43 603
44 656
45 742
46 767
47 743
48 808
49 903
50 935
51 878
52 918
53 879
54 921
55 919
56 919
57 886
58 809
59 851
60 817
61 775
62 829
63 739
64 739
65 774
66 733
67 749
68 713
69 653
70 629
71 635
72 624
73 594
74 624
75 580
76 570
77 515
78 522
79 488
80 488
81 496
82 509
83 474
84 410
85 470
86 448
87 439
88 421
89 390
90 408
91 408
92 408
93 372
94 450
95 417
96 400
97 338
98 401
99 337
100 387
101 366
102 375
103 350
104 355
105 341
106 375
107 365
108 348
109 323
110 338
111 347
112 343
113 343
114 327
115 324
116 318
117 334
118 304
119 312
120 328
121 334
122 287
123 309
124 321
125 305
126 322
127 291
128 284
129 302
130 292
131 291
132 293
133 273
134 327
135 305
136 288
137 280
138 307
139 299
140 256
141 303
142 263
143 256
144 281
145 271
146 261
147 287
148 260
149 247
150 240
151 251
152 263
153 246
154 241
155 259
156 251
157 234
158 234
159 249
160 226
161 246
162 226
163 229
164 209
165 230
166 203
167 230
168 200
169 191
170 208
171 201
172 188
173 183
174 216
175 193
176 196
177 185
178 207
179 171
180 170
181 198
182 187
183 191
184 169
185 154
186 153
187 177
188 172
189 142
190 144
191 180
192 142
193 156
194 164
195 146
196 142
197 133
198 134
199 160
200 131
201 146
202 143
203 122
204 115
205 117
206 145
207 124
208 113
209 118
210 127
211 107
212 136
213 124
214 106
215 124
216 109
217 105
218 120
219 97
220 100
221 116
222 93
223 121
224 103
225 112
226 97
227 95
228 98
229 99
230 97
231 105
232 75
233 86
234 86
235 90
236 89
237 72
238 71
239 61
240 63
241 74
242 80
243 62
244 72
245 60
246 77
247 74
248 57
249 51
250 62
251 62
252 49
253 68
254 58
255 55
256 49
257 67
258 56
259 59
260 50
261 58
262 54
263 43
264 51
265 63
266 53
267 43
268 51
269 35
270 39
271 40
272 47
273 31
274 46
275 49
276 43
277 42
278 38
279 44
280 36
281 34
282 32
283 26
284 24
285 25
286 34
287 33
288 30
289 31
290 27
291 29
292 37
293 25
294 25
295 28
296 20
297 32
298 32
299 21
300 23
301 21
302 20
303 20
304 23
305 25
306 24
307 23
308 20
309 17
310 25
311 24
312 14
313 14
314 15
315 17
316 16
317 22
318 18
319 17
320 14
321 19
322 17
323 20
324 13
325 20
326 13
327 13
328 16
329 14
330 14
331 15
332 14
333 18
334 18
335 10
336 15
337 13
338 10
339 5
340 20
341 6
342 12
343 10
344 11
345 5
346 7
347 5
348 7
349 8
350 6
351 8
352 7
353 9
354 11
355 3
356 4
357 11
358 5
359 9
360 8
361 5
362 7
363 7
364 4
365 10
366 4
367 4
368 7
369 8
370 4
371 5
372 7
373 6
374 3
375 9
376 7
377 4
378 4
379 2
380 6
381 1
382 10
383 8
384 3
385 4
386 5
387 10
388 5
389 1
390 7
391 7
392 5
393 6
394 2
395 4
396 2
397 3
398 6
399 2
400 1
401 1
402 4
403 7
404 4
405 13
406 7
407 7
408 26
409 24
410 0
411 0
412 0
413 0
414 0
415 0
416 0
417 0
418 0
419 0
420 0
421 0
422 0
423 0
424 0
425 0
426 0
427 0
428 0
429 0
430 0
431 0
432 0
433 0
434 0
435 0
436 0
437 0
438 0
439 0
440 0
441 0
442 0
443 0
444 0
445 0
446 0
447 0
448 0
449 0
450 0
451 0
452 0
453 0
454 0
455 0
456 0
457 0
458 0
459 0
460 0
461 0
462 0
463 0
464 0
465 0
466 0
467 0
468 0
469 0
470 0
471 0
472 0
473 0
474 0
475 0
476 0
477 0
478 0
479 0
480 0
481 0
482 0
483 0
484 0
485 0
486 0
487 0
488 0
489 0
490 0
491 0
492 0
493 0
494 0
495 0
496 0
497 0
498 0
499 0
500 0
501 0
502 0
503 0
504 0
505 0
506 0
507 0
508 0
509 0
510 0
